1 47
2 47
3 47
4 47
4 63
4 109
4 112
5 47
5 112
6 47
7 47
7 112
8 47
9 47
9 63
9 112
10 47
10 109
10 112
11 47
11 109
11 112
12 47
12 112
13 47
13 109
13 112
14 47
14 109
14 112
15 47
16 47
17 47
17 109
18 47
18 109
19 47
20 47
21 47
22 47
23 47
24 47
25 47
26 47
27 47
28 47
29 47
29 109
30 47
31 47
32 47
33 47
33 109
34 47
35 47
35 109
35 112
36 47
37 47
38 47
39 47
40 47
41 47
42 47
43 47
43 109
44 47
44 109
45 47
46 47
48 63
50 63
51 63
52 63
53 63
54 63
55 63
56 63
57 63
58 63
59 63
61 63
62 63
64 109
65 109
67 109
68 109
69 109
70 109
22 109
72 109
73 109
27 109
75 109
75 164
76 109
78 109
79 109
81 109
82 109
83 109
85 109
86 109
87 109
88 109
88 112
89 109
40 109
91 109
92 109
93 109
94 109
95 109
96 109
97 109
98 109
99 109
100 109
101 109
102 109
103 109
104 109
105 109
106 109
106 112
107 109
108 109
111 109
19  112
29  112
31  112
31  109
33  112
37  112
39  112
42  112
43  112
44  112
46  112
113 112
114 112
115 112
116 112
117 112
118 112
119 112
120 112
122 112
123 112
124 112
125 112
126 112
127 112
128 112
129 112
130 112
131 112
132 112
133 112
134 112
135 112
136 112
138 112
139 112
140 112
141 112
142 112
143 112
144 112
146 112
147 112
148 112
149 112
150 112
151 112
152 112
4 153
5 153
6 153
7 153
9 153
10 153
11 153
12 153
18 153
19 153
36 153
33 153
30 153
27 153
22 153
83 153
95 153
95 112
39 153
44 153
147 153
42 153
40 153
154 153
155 153
119 153
119 173
68 153
158 153
32 153
160 153
161 153
162 153
163 153
4 164
165 164
165 109
166 109
166 164
6 164
7 164
9 164
10 164
11 164
167 164
168 164
12 164
67 164
13 164
14 164
119 164
70 164
73 164
89 164
40 164
95 164
37 164
91 164
94 164
93 164
118 164
171 164
172 164
4 173
9 173
10 173
11 173
16 173
13 173
12 173
118 173
19 173
28 173
29 173
31 173
130 173
33 173
95 173
39 173
122 173
147 173
43 173
44 173
46 173
174 173
175 173
176 173
177 173
178 173
179 173
180 173
181 173
182 173
183 173 
184 173
185 173
186 173
4 187
9 187
10 187
11 187
53 187
13 187
16 187
15 187
118 187
18 187
122 187
188 187
189 187
190 187
191 187
192 187
193 187
194 187
195 187
196 187
197 187
198 187
199 187
200 187
201 187
202 187
203 187
204 187
205 187
206 187
207 187
208 187
209 187
210 187
211 187
212 187
213 187
214 187
215 187
216 187
217 187
218 187
165 219
4 219
9 219
10 219
15 219
16 219
53 219
119 219
42 219
220 219
221 219
222 219
223 219
224 219
225 219
226 219
227 219
228 219
229 219
230 219
231 219
232 219
233 219
234 219
235 219
236 219
237 219
238 219
239 219
240 219
241 219
242 219
243 219
244 219
245 219
4 246
9 246
10 246
11 246
12 246
53 246
196 246
41 246
88 246
22 246
33 246
37 246
161 246
43 246
147 246
247 246
248 246
249 246
250 246
17 246
252 246
253 246
254 246
255 246
256 246
257 246
258 246
259 246
260 246
261 246
262 246
263 246
264 246
265 246
266 246
267 246
268 246
269 246
270 246
271 246
272 246
273 246
274 246
275 246
4 276
5 276
6 276
7 276
65 276
9  276
10 276
12 276
194 276
13 276
118 276
119 276
28 276
41 276
88 276
122 276
252 276
95 276
37 276
39 276
106 276
161 276
260 276
46 276
277 276
278 276
168 276
281 276
282 276
283 276
284 276
285 276
286 276
287 276
288 276
289 276
114 290
4 290
9 290
10 290
11 290
51 290
12 290
118 290
53 290
119 290
28 290
30 290
76 290
130 290
184 290
95 290
287 290
88 290
42 290
122 290
258 290
43 290
147 290
291 290
292 290
293 290
294 290
295 290
296 290
22 290
298 290
299 290
300 290
301 290
302 290
303 290
304 290
305 290
306 290
307 290
308 290
309 290
310 290
4 311
7 311
5 311
6 311
9 311
10 311
168 311
13 311
54 311
18 311
194 311
293 311
28 311
95 311
37 311
140 311
258 311
88 311
122 311
161 311
147 311
43 311
91 311
260 311
42 311
46 311
21 311
72 311
183 311
282 311
312 311
313 311
314 311
315 311
316 311
317 311
318 311
319 311
320 311
321 311
322 311
323 311
324 311
325 311
326 311
327 311
328 311
329 311
330 311
331 311
332 311
333 311
334 311
335 311
336 311
337 311
338 311
339 311
340 311
341 311
342 311
343 311
344 311
345 311
346 311
165 347
4 347
9 347
10 347
11 347
122 347
12 347
53 347
119 347
69 347
72 347
29 347
33 347
31 347
133 347
42 347
91 347
342 347
348 347
349 347
350 347
351 347
4 352
168 352
53 352
15 352
119 352
12 352
9 352
10 352
122 352
252 352
282 352
284 352
322 352
339 352
42 352
147 352
353 352
354 352
355 352
356 352
357 352
358 352
359 352
4 360
9 360
10 360
11 360
12 360
53 360
21 360
22 360
29 360
31 360
33 360
256 360
95 360
37 360
339 360
257 360
39 360
88 360
41 360
40 360
259 360
161 360
28 360
183 360
43 360
288 360
46 360
3 360
361 360
362 360
363 360
364 360
365 360
366 360
367 360
368 360
369 360
370 360
15 360
372 360
373 360
374 360
375 360
376 360
377 360
378 360
379 360
380 360
381 360
382 360
383 360
384 360
385 360
386 360
387 360
388 360
389 360
390 360
391 360
392 360
393 360
394 360
395 360
396 360
397 360
398 360
399 360
400 360
401 360
402 360
403 360
404 360
405 360
406 360
407 360
408 360
409 360
410 360
411 360
412 360
413 360
414 360
415 360
416 360
417 360
418 360
419 360
420 360
421 360
422 360
423 360
424 360
425 360
425 1108
426 360
427 360
428 360
429 360
430 360
431 360
154 432
4 432
9 432
10 432
168 432
53 432
122 432
252 432
76 432
88 432
147 432
91 432
298 432
28 432
433 432
434 432
435432
436 432
437 432
438 432
439 432
440 432
165 441
4 441
168 441
53 441
15 441
119 441
9 441
122 441
442 441
443 441
444 441
445 441
165 446
4 446
11 446
119 446
183 446
194 446
15 446
53 446
447 446
4 448
201 448
9 448
208 448
449 448
450 448
451 448
452 448
453 448
454 448
455 448
456 448
457 448
458 448
459 448
460 448
461 448
462 448
463 448
464 448
465 448
466 448
467 448
468 448
469 448
470 448
471 448
4 472
9 472
10 472
168 472
12 472
53 472
435 472
252 472
436 472
76 472
300 472
111 472
302 472
79 472
95 472
37 472
339 472
39 472
88 472
43 472
147 472
260 472
108 472
186 472
473 472
474 472
475 472
476 472
477 472
478 472
479 472
480 472
481 472
482 472
483 472
484 472
154 485
4 485
434 485
6 485
9 485
10 485
168 485
21 485
30 485
122 485
53 485
15 485
119 485
486 485
487 485
23 485
489 485
490 485
491 485
492 485
493 485
494 485
495 485
473 496
4 496
9 496
10 496
11 496
12 496
475 496
53 496
15 496
119 496
183 496
88 496
293 496
280 496
253 496
295 496
300 496
135 496
95 496
37 496
140 496
257 496
161 496
258 496
288 496
46 496
309 496
497 496
498 496
499 496
500 496
501 496
502 496
503 496
504 496
504 721
505 496
506 496
507 496
508 496
509 496
510 496
511 496
512 496
513 496
514 496
515 496
516 496
517 496
4 518
9 518
10 518
12 518
168 518
13 518
118 518
119 518
18 518
280 518
88 518
504 518
95 518
37 518
514 518
161 518
287 518
42 518
261 518
4 532
53 532
9 532
15 532
51 532
296 532
12 532
41 532
533 532
534 532
535 532
536 532
62 532
538 532
539 532
540 532
541 532
542 532
543 532
544 532
545 532
546 532
547 532
548 532
549 532
550 532
551 532
552 532
553 532
554 532
555 532
186 532
557 532
558 532
559 532
560 532
561 532
562 532
563 532
564 532
565 532
188 566
4 566
9 566
10 566
293 566
168 566
12 566
53 566
317 566
19 566
282 566
322 566
389 566
95 566
37 566
91 566
140 566
287 566
288 566
259 566
567 566
568 566
569 566
570 566
571 566
572 566
573 566
574 566
575 566
576 566
577 566
578 566
579 566
580 566
581 566
581 1223
582 566
583 566
584 566
585 566
586 566
587 566
588 566
589 566
590 566
591 566
592 566
593 566
594 566
595 566
596 566
312 597
4 597
11 597
17 597
253 597
41 597
67 597
97 597
96 597
62 597
9 597
538 597
598 597
599 597
600 597
601 597
602 597
603 597
604 597
605 597
606 597
607 597
608 597
609 597
610 597
611 597
612 597
613 597
614 597
615 597
616 597
617 597
618 597
619 597
620 597
621 597
622 597
623 597
624 597
625 597
626 597
627 597
628 597
629 597
630 597
631 597
632 597
633 597
634 597
635 597
636 597
637 597
638 597
639 597
640 597
641 597
642 597
643 597
644 597
645 597
646 597
647 597
648 597
649 597
650 597
651 597
652 597
653 597
654 597
655 597
154 656
4 656
9 656
320 656
657 656
658 656
659 656
660 656
661 656
662 656
353 663
4 663
354 663
53 663
664 663
665 663
666 663
667 663
114 668
4 668
9 668
53 668
669 668
670 668
671 668
672 668
673 668
674 668
675 668
676 668
677 668
678 668
679 668
680 668
681 668
682 668
683 668
684 668
685 668
686 668
687 668
688 668
689 668
690 668
691 668
692 668
693 668
694 668
695 668
696 668
697 668
698 668
699 668
700 668
701 668
702 668
703 668
704 668
705 668
706 668
707 668
708 668
709 668
710 668
711 668
712 668
713 668
714 668
715 668
4 716
183 716
717 716
717 1621
718 716
719 716
720 716
353 721
4 721
9 721
720 721
194 721
722 721
723 721
724 721
725 721
727 726
728 726
729 726
731 726
732 726
733 726
734 726
735 726
737 726
738 726
739 726
313 726
2 726
4 726
11 726
53 726
119 726
317 726
62 726
538 726
9 726
10 726
293 726
19 726
375 726
527 726
380 726
552 726
259 726
594 726
4 754
168 754
53 754
23 754
293 754
280 754
304 754
287 754
186 754
62 754 
9 754
538 754
755 754
756 754
757 754
758 754
759 754
760 754
761 754
762 754
763 754
764 754
765 754
766 754
767 754
768 754
769 754
770 754
771 754
772 754
773 754
774 754
775 754
776 754
777 754
780 754
781 754
782 754
783 754
784 754
785 754
786 754
787 754
788 754
789 754
790 754
791 754
792 754
756 793 
4 793
353 794
4 794
168 794
253 794
253 726
53 794
720 794
761 794
540 794
56 794
293 794
280 794
288 794
259 794
591 794
750 794
750 726
594 794
62 794
9 794
787 794
788 794
795 794
796 794
797 794
798 794
745 794
745 726
800 794
801 794
3 802
473 802
4 802
431 802
168 802
53 802
9 802
62 802
803 802
804 802
804 991
805 802
806 802
807 802
808 802
809 802
810 802
651 802
4 812
353 812
795 812
813 812
814 812
815 812
816 812
155 817
669 817
760 817
580 817
312 817
4 817
53 817
39 817
186 817
9 817
62 817
320 817
41 817
664 817
594 817
295 817
502 817
771 817
798 817
287 817
753 817
753 726
288 817
552 817
18 817
39 817
186 817
800 817
61 817
62 817
760 817
818 817
819 817
820 817
821 817
822 817
823 817
824 817
825 817
826 817
827 817
828 817
829 817
830 817
831 817
832 817
833 817
834 817
835 817
836 817
837 817
838 817
839 817
840 817
841 817
842 817
843 817
844 817
845 817
846 817
847 817
848 817
849 817
850 817
851 817
852 817
853 817
854 817
855 817
856 817
857 817
858 817
859 817
860 817
861 817
3 862
4 862
291 862
863 862
165 864
4 864
865 864
866 864
867 864
868 864
4 869
53 869
720 869
11 869
23 869
30 869
741 869
741 726
742 726
742 869
36 869
184 869
833 869
54 869
553 869
304 869
293 869
767 869
751 869
751 726
161 869
92 869
594 869
752 869
752 726
62 869
9 869
560 869
186 869
870 869
871 869
872 869
873 869
874 869
875 869
876 869
877 869
878 869
879 869
880 869
881 869
882 869
883 869
884 869
885 869
886 869
887 869
888 869
889 869
890 869
891 869
892 869
893 869
894 869
895 869
896 869
897 869
898 869
899 869
900 869
901 869
902 869
903 869
4 904
168 904
23 904
72 904
19 904
437 904
740 904
740 726
743 904
743 726
744 726
745 726
746 726
747 726
748 726
528 904
54 904
881 904
836 904
18 904
304 904
892 904
560 904
800 904
161 904
905 904
906 904
907 904
908 904
909 904
910 904
911 904
912 904
913 904
914 904
915 904
916 904
917 904
918 904
919 904
920 904
921 904
922 904
923 904
924 904
925 904
926 904
927 904
928 904
929 904
930 904
931 904
932 904
933 904
934 904
935 904
936 904
937 904
938 904
939 904
940 904
941 904
942 904
943 904
4 944
168 944
553 944
76 944
800 944
62 944
538 944
560 944
9 944
945 944
946 944
947 944
948 944
949 944
950 944
951 944
952 944
953 944
954 944
955 944
956 944
957 944
958 944
755 959
598 959
4 959
53 959
720 959
926 959
186 959
54 959
9 959
882 959
881 959
62 959
560 959
960 959
961 959
962 959
963 959
964 959
965 959
966 959
967 959
968 959
969 959
970 959
971 959
972 959
973 959
974 959
975 959
4 976
113 976
194 976
119 976
11 976
12 976
970 976
882 976
881 976
304 976
921 976
742 976
915 976
833 976
926 976
929 976
932 976
931 976
898 976
752 976
798 976
924 976
560 976
9 976
186 976
977 976
978 976
979 976
23 976
981 976
982 976
983 976
984 976
985 976
986 976
987 976
988 976
989 976
990 976
4 991
53 991
720 991
951 991
56 991
957 991
553 991
565 991
62 991
538 991
9 991
560 991
992 991
994 991
995 991
996 991
997 991
998 991
999 991
1000 991
1001 991
1002 991
1003 991
1004 991
4 1005
168 1005
53 1005
909 1005
72 1005
21 1005
293 1005
767 1005
162 1005
92 1005
186 1005
39 1005
54 1005
800 1005
76 1005
300 1005
830 1005
303 1005
62 1005
560 1005
1006 1005
1007 1005
1007 1034
1008 1005
1009 1005
1010 1005
1011 1005
1012 1005
113 1013
4 1013
11 1013
23 1013
949 1013
540 1013
62 1013
53 1013
119 1013
565 1013
341 1013
954 1013
62 1013
9 1013
560 1013
800 1013
1014 1013
1015 1013
1016 1013
1017 1013
1018 1013
1019 1013
1020 1013
1021 1013
1022 1013
1023 1013
1024 1013
1025 1013
1026 1013
4 1027
11 1027
1010 1027
19 1027
54 1027
171 1027
830 1027
62 1027
560 1027
928 1027
1028 1027
1029 1027
1030 1027
1031 1027
1032 1027
1033 1027
4 1034
168 1034
293 1034
909 1034
19 1034
23 1034
39 1034
9 1034
970 1034
882 1034
76 1034
437 1034
62 1034
560 1034
1035 1034
1036 1034
1038 1034
1039 1034
1040 1034
1041 1034
4 1042
11 1042
23 1042
949 1042
119 1042
540 1042
1017 1042
1018 1042
1019 1042
1020 1042
1021 1042
1022 1042
1023 1042
1026 1042
341 1042
9 1042
954 1042
62 1042
560 1042
1043 1042
1044 1042
1045 1042
1046 1042
1047 1042
1048 1042
1006 1049
945 1049
4 1049
720 1049
119 1049
572 1049
295 1049
293 1049
56 1049
54 1049
970 1049
882 1049
226 1049
62 1049
9 1049
560 1049
1050 1049
1051 1049
1052 1049
533 1053
4 1053
168 1053
53 1053
23 1053
909 1053
539 1053
76 1053
820 1053
840 1053
952 1053
39 1053
540 1053
924 1053
9 1053
560 1053
1054 1053
1055 1053
1056 1053
1057 1053
1058 1053
1059 1053
1060 1053
1061 1053
1062 1053
1063 1053
1064 1053
1065 1053
1066 1053
312 1067
4 1067
53 1067
664 1067
168 1067
909 1067
23 1067
76 1067
39 1067
304 1067
1062 1067
919 1067
186 1067
54 1067
12 1067
970 1067
882 1067
916 1067
881 1067
982 1067
293 1067
280 1067
161 1067
836 1067
751 1067
749 1067
594 1067
924 1067
787 1067
9 1067
320 1067
560 1067
1068 1067
1069 1067
1070 1067
1071 1067
1072 1067
1073 1067
1074 1067
1075 1067
1076 1067
1077 1067
1078 1067
1079 1067
1080 1067
1081 1067
1082 1067
1083 1067
1084 1067
1085 1067
1086 1067
1087 1067
1088 1067
362 1089
4 1089
119 1089
760 1089
23 1089
820 1089
1063 1089
962 1089
787 1089
924 1089
897 1089
560 1089
1090 1089
1091 1089
1092 1089
1093 1089
1094 1089
1095 1089
1096 1089
1097 1089
1098 1089
1099 1089
1100 1089
1101 1089
1102 1089
1103 1089
1104 1089
1105 1089
1106 1089
1107 1089
4 1108
907 1108
1107 1108
53 1108
51 1108
23 1108
1045 1108
962 1108
926 1108
320 1108
426 1108
924 1108
560 1108
1110 1108
1111 1108
1112 1108
1113 1108
1114 1108
1115 1108
1116 1108
1117 1108
1118 1108
1119 1108
1120 1108
4 1121
53 1121
51 1121
23 1121
1045 1121
76 1121
1012 1121
437 1121
12 1121
970 1121
882 1121
916 1121
39 1121
1081 1121
484 1121
293 1121
280 1121
1107 1121
924 1121
9 1121
10 1121
560 1121
320 1121
1122 1121
1123 1121
1124 1121
1125 1121
1126 1121
1127 1121
1128 1121
1129 1121
1130 1121
1131 1121
1132 1121
1133 1121
1134 1121
1135 1121
1136 1121
1137 1121
1138 1121
1139 1121
1140 1121
1141 1121
1142 1121
1143 1121
5 1144
4 1144
760 1144
52 1144
56 1144
9 1144
62 1144
1107 1144
1145 1144
1146 1144
1147 1144
1148 1144
1149 1144
1150 1144
114 1151
4 1151
1125 1151
51 1151
23 1151
1045 1151
1126 1151
53 1151
873 1151
62 1151
186 1151
304 1151
346 1151
39 1151
54 1151
970 1151
1085 1151
882 1151
881 1151
76 1151
1078 1151
161 1151
836 1151
287 1151
62 1151
9 1151
10 1151
1143 1151
1152 1151
1153 1151
1154 1151
1155 1151
1156 1151
1157 1151
1158 1151
1159 1151
1160 1151
1161 1151
1162 1151
1163 1151
1164 1151
1165 1151
1166 1151
1167 1151
945 1168
4 1168
1107 1168
168 1168
23 1168
76 1168
186 1168
54 1168
62 1168
9 1168
10 1168
1143 1168
1167 1168
571 1168
1164 1168
280 1168
1165 1168
161 1168
836 1168
287 1168
594 1168
749 1168
749 726
12 1168
970 1168
882 1168
881 1168
873 1168
1169 1168
1170 1168
1171 1168
1172 1168
1173 1168
1174 1168
1175 1168
1176 1168
1177 1168
1178 1168
1179 1168
1180 1168
1181 1168
1182 1168
1183 1168
1184 1168
945 1185
4 1185
1107 1185
168 1185
52 1185
909 1185
19 1185
186 1185
1164 1185
280 1185
161 1185
287 1185
95 1185
76 1185
438 1185
1177 1185
1178 1185
1179 1185
924 1185
9 1185 
10 1185
560 1185
1167 1185
54 1185
12 1185
970 1185
1129 1185
882 1185
881 1185
1086 1185
916 1185
873 1185
171 1185
56 1185
1186 1185
1187 1185
1188 1185
1189 1185
1190 1185
1191 1185
1192 1185
1193 1185
1194 1185
1195 1185
1196 1185
1197 1185
1198 1185
113 1199
961 1199
4 1199
168 1199
52 1199
304 1199
62 1199
1200 1199
1201 1199
1202 1199
1203 1199
1204 1199
1205 1199
4 1206
168 1206
54 1206
53 1206
76 1206
52 1206
1164 1206
19 1206
186 1206
9 1206
61 1206
62 1206
1207 1206
1208 1206
1209 1206
1210 1206
1211 1206
1212 1206
1213 1206
1214 1206
1215 1206
1216 1206
1217 1206
1218 1206
4 1219
168 1219
52 1219
39 1219
320 1219
1192 1219
62 1219
1214 1219
19 1219
1220 1219
1221 1219
1222 1219
474 1223
4 1223
361 1223
1051 1223
760 1223
23 1223
62 1223
1224 1223
1225 1223
1226 1223
598 1228
4 1228
755 1228
994 1228
1015 1228
760 1228
53 1228
52 1228
9 1228 
10 1228
54 1228
62 1228
1164 1228
1229 1228
1230 1228
1231 1228
1232 1228
1233 1228
1234 1228
1235 1228
1236 1228
1237 1228
3 1238
4 1238
53 1238
760 1238
23 1238
62 1238
1239 1238
1240 1238
1241 1238
4 1242
114 1242
1232 1242
51 1242
10 1242
23 1242
62 1242
1243 1242
1244 1242
1244 1256
1245 1242
533 1246
4 1246
312 1246
53 1246
760 1246
52 1246
62 1246
61 1246
1247 1246
1248 1246
1249 1246
533 1250
4 1250
1152 1250
53 1250
10 1250
1051 1250
23 1250
62 1250
1251 1250
4 1252
23 1252
10 1252
53 1252
62 1252
1051 1252
1253 1252
1254 1252
1255 1252
473 1256
362 1256
4 1256
373 1256
994 1256
1257 1256
1259 1256
4 1260
53 1260
1051 1260
787 1260
365 1260
62 1260
1261 1260
1262 1260
1263 1260
1264 1260
4 1265
194 1265
62 1265
1266 1265
4 1267
53 1267
23 1267
1051 1267
787 1267
62 1267
1268 1267
1269 1267
1270 1267
248 1271
4 1271
23 1271
760 1271
787 1271
62 1271
1272 1271
1273 1271
362 1274
4 1274
53 1274
664 1274
665 1274
23 1274
10 1274
760 1274
426 1274
924 1274
1119 1274
787 1274
1233 1274
12 1274
970 1274
897 1274
1115 1274
1116 1274
1117 1274
304 1274
186 1274
293 1274
962 1274
55 1274
1104 1274
1102 1274
363 1274
1275 1274
1276 1274
4 1277
23 1277
1051 1277
62 1277
1278 1277
1279 1277
113 1280
4 1280
114 1280
23 1280
62 1280
51 1280
194 1280
787 1280
1281 1280
4 1282
113 1282
23 1282
62 1282
787 1282
760 1282
4 1283
23 1283 
62 1283
787 1283
188 1283
568 1283
168 1283
1284 1283
4 1285
114 1285
23 1285
787 1285
51 1285
1286 1285
1287 1285
62 1285
4 1289
1281 1289
787 1289
760 1289
23 1289
62 1289
1290 1289
1291 1289
3 1292
4 1292
23 1292 
760 1292
62 1292
787 1292
194 1292
1293 1292
4 1294
760 1294
62 1294
787 1294
1295 1294
1296 1294
1297 1294
1266 1298
362 1298
4 1298
994 1298
23 1298
62 1298
760 1298
787 1298
473 1299
4 1299
760 1299
23 1299
1300 1299
1301 1299
1253 1302 
3 1302
1051 1302
23 1302
1303 1302
115 1304
4 1304
23 1304
760 1304
568 1304
1305 1304
1306 1304
1307 1304
113 1308
4 1308
1051 1308
1309 1308
1310 1308
4 1311
23 1311
62 1311
760 1311
1312 1311
1313 1311
312 1314
4 1314
23 1314
62 1314
760 1314
1315 1314
4 1316
23 1316
62 1316
760 1316
1317 1316
1318 1316
4 1319
23 1319
62 1319
1320 1319
1321 1319
1322 1319
1220 1319
1220 1323
4 1323
1253 1323
1322 1323
23 1323
62 1323
1324 1323
1122 1325
4 1325
23 1325
62 1325
1051 1325
1326 1325
1327 1325
1328 1325
115 1329
4 1329
1051 1329
924 1329
194 1329
1330 1329
1331 1329
1332 1329
113 1333
4 1333
994 1333
1015 1333
1268 1334
4 1334 
23 1334
62 1334
1051 1334
1268 1335
4 1335
1051 1335
23 1335
62 1335
194 1335
1336 1335
1336 1511
1337 1335
4 1338
361 1338
760 1338
924 1338
1339 1338
1340 1338
4 1341
760 1341
62 1341
52 1341
1342 1341
3 1343
4 1343
1051 1343
1344 1343
1321 1345
1220 1345
4 1345
62 1345
1346 1345
1221 1345
1348 1345
4 1349
1092 1349
760 1349
52 1349
62 1349
994 1349
760 1350
62 1350
52 1350
4 1350
1326 1350
1220 1350
787 1351
52 1351
62 1351
1051 1351
4 1351
1352 1351
1353 1351
1354 1351
1355 1351
1356 1351
4 1357
1222 1357
1051 1357
52 1357
1220 1357
3 1358
4 1358
1359 1358
1360 1358
1361 1358
2 1362
4 1362
1344 1362
659 1362
1322 1362
1363 1362
4 1364
362 1364
1365 1364
1366 1364
362 1367
4 1367
1051 1367
1368 1367
1369 1367
1370 1367
4 1371
1268 1371
1339 1371
1372 1371
1372 1405
1373 1371
1374 1371
1375 1371
1376 1371
4 1377
1360 1377
1378 1377
1379 1377
165 1380
4 1380
52 1380
1051 1380
1381 1380
4 1382
1360 1382
1361 1382
1383 1382
1384 1382
1360 1385
4 1385
115 1385
1386 1385
1387 1385
1388 1385
1389 1385
1390 1385
1391 1385
1392 1385
1379 1393
4 1393
1360 1393
1394 1393
1395 1393
1396 1393
1397 1393
1398 1393
361 1399
4 1399
1360 1399
1361 1399
1400 1399
1401 1399
4 1402
1403 1402
1404 1402
1268 1405
4 1405
1360 1405
1051 1405
1073 1405
1407 1405
4 1408
248 1408
115 1408
1309 1408
1051 1408
52 1408
1360 1408
62 1408
1407 1408
1409 1408
4 1410
1290 1410
1051 1410
1411 1410
1412 1410
1413 1410
1414 1410
4 1415
1386 1415
1388 1415
1360 1415
1379 1415
1416 1415
4 1417
1360 1417
1379 1417 
1418 1417
362 1419
1360 1419
4 1419
1379 1419
994 1419
1383 1420
4 1420
1360 1420
1379 1420
1421 1420
1412 1422
1404 1422
4 1422
1360 1422
1379 1422
1423 1422
1344 1424
4 1424
1425 1424
1427 1426
1428 1426
1429 1426
4 1426
4 1430
1360 1430
1379 1430
1015 1430
115 1430
1312 1431
4 1431
1360 1431
1433 1432
1434 1432
1435 1432
1436 1432
4 1432
1435 1437
4 1437
1438 1437
1439 1437
1440 1437
362 1441
4 1441
994 1441
1443 1442
4 1442
1435 1442
4 1444
1411 1444
1435 1444
1360 1445
4 1445
1446 1445
1447 1445
1446 1448
4 1448
1449 1448
1450 1448 
1360 1448
1452 1451
4 1451
1290 1453
4 1453
115 1453
115 1455
4 1455
1360 1455
1305 1455
1456 1455
4 1457
1458 1457
1459 1457
4 1460
1461 1460
1462 1460
1463 1460
1464 1460
1466 1465
4 1465
1290 1467
4 1467
1468 1467
1452 1469
4 1469
1412 1470
115 1470
1309 1470
1404 1470
1471 1470
4 1470
1313 1472
4 1472
473 1473
1474 1473
1475 1473
1476 1473
1477 1473
1404 1478
4 1478
1479 1478
1480 1478
1482 1481
1483 1481
4 1481
1485 1484
1486 1484
4 1484
1488 1487
4 1487
1489 1487
1305 1490
3 1490
4 1490
1491 1490
248 1492
1493 1492
4 1492
1494 1492
1452 1495
4 1495
1496 1495
1498 1497
1499 1497
4 1497
1501 1500
4 1500
1434 1502
1503 1502
4 1502
249 1504
1505 1504
1506 1504
4 1504
1508 1507
1509 1507
3 1510
4 1510
447 1511
4 1511
1404 1511
1514 1513
4 1513
1412 1515
4 1515
1479 1516
4 1516
1480 1516
1517 1516
1518 1516
1489 1519
1520 1519
4 1519
1522 1521
4 1521
1524 1523
1525 1523
4 1523
1485 1526
4 1526
1404 1526
722 1526
249 1528
4 1528
1529 1528
1458 1530
1531 1530
4 1530
1533 1532
1534 1532
4 1532
4 1535
1446 1535
249 1535
1536 1535
1359 1537
4 1537
1506 1537
1538 1537
1485 1539
4 1539
1540 1539
1541 1539
1543 1542
4 1542
1545 1544
4 1544
1458 1546
4 1546
1529 1546
1547 1546
1479 1548
4 1548
1434 1549
4 1549
1550 1549
1505 1549
1506 1551
4 1551
1552 1551
1554 1553
1555 1553
4 1553
1557 1556
1558 1556
1559 1556
4 1556
1336 1560
4 1560
1561 1560
1563 1562
1564 1562
4 1562
1336 1565
1566 1565
4 1565
1568 1567
4 1567
1336 1569
4 1569
1570 1569
249 1571
1572 1571
1573 1571
4 1571
1575 1574
1576 1574
4 1574
1572 1577
249 1577
1578 1577
249 1579
4 1579
1572 1579
1531 1580
4 1580
1458 1580
1582 1581
4 1581
249 1583
4 1583
1572 1583
1586 1585
1587 1585
1588 1585
4 1585
1572 1589
4 1589
1590 1589
1592 1591
1593 1591
4 1591
165 1594
1595 1594
1596 1594
1597 1594
1485 1598
4 1598
249 1599
4 1599
1498 1600
4 1600
1601 1600
1458 1602
4 1602
1603 1602
1498 1604
4 1604
249 1605
4 1605
1606 1605
1498 1607
4 1607
1593 1608
4 1608
249 1609
4 1609
1336 1610
4 1610
1572 1610
1584 1610
1378 1612
1613 1612
4 1612
1434 1614
4 1614
1572 1615
4 1615
1336 1615
1617 1616
4 1616
1618 1616
1620 1619
1618 1619
4 1619
4 1621
1623 1621
1625 1624
4 1624
1626 1624
1628 1627
4 1627
1629 1627
1630 1627
249 1631
4 1631
1632 1631
1633 1631
249 1634
4 1634
1633 1634
249 1635
4 1635
1529 1635
1540 1636
4 1636
249 1637
4 1637
1630 1637
1313 1638
4 1638
1404 1638
1640 1639
1641 1639
4 1639
1640 1642
1641 1642
4 1642
1643 1642
4 1644
1645 1644
1378 1644
717 1646
4 1646
1647 1646
1640 1648
4 1648
1649 1648
1641 1648
1651 1650
4 1650






























 














 



 































































































